-1	-1 -1 -1
-1 -1 -1	-1 -1 -1 -1 -1
-1 -1 -1	-1 -1 -1 -1 -1
-1 -1 -1 -1 -1	-1 -1 -1
-1 -1 -1 -1 -1	-1 -1 -1
-1 -1 -1	-1 6
-1 -1 -1	-1 6
-1 6	-1 -1 -1
-1 6	-1 -1 -1
-1 -1 -1	-1
-1 -1 -1	-1
-1 -1 -1	-1 -1 -1 -1 -1
-1 -1 -1 -1 -1	-1 -1 -1
-1 -1 -1 -1 -1	-1 -1 -1
-1 -1 -1	-1 6
-1 -1 -1	-1 6
-1 6	-1 -1
-1 6	-1 -1
-1 -1	-1 -1 -1
-1 -1	-1 -1 -1
-1 -1 -1	-1
-1 -1 -1	-1
-1 -1 -1 -1 -1	-1 -1 -1
-1 -1 -1	-1 6
-1 -1 -1	-1 6
-1 6	-1 -1 -1
-1 6	-1 -1 -1
-1 -1 -1	-1
-1 -1 -1	-1
-1 -1 -1	-1 6
-1 6	-1 -1 -1
-1 6	-1 -1 -1
-1 -1 -1	-1
-1 -1 -1	-1
-1 6	-1 -1
-1 -1	-1 -1 -1
-1 -1	-1 -1 -1
-1 -1 -1	-1
-1 -1 -1	-1
-1 -1 -1	-1
-1 -1	-1 -1 -1
-1 -1 -1	-1
-1 -1 -1	-1
-1	-1 -1
-1 -1	-1 8
-1 -1	-1 8
-1 -1	-1 8
-1	-1 -1 -1
-1 -1 -1	-1 -1 -1
-1 -1 -1	-1 -1 -1
-1 -1 -1	-1 -1
-1 -1 -1	-1 -1
-1 -1	-1 -1 -1
-1 -1	-1 -1 -1
-1 -1 -1	-1 -1 -1
-1 -1 -1	-1 -1 -1
-1 -1 -1	-1 -1
-1 -1 -1	-1 -1
-1 -1	-1 -1
-1 -1	-1 -1
-1 -1	-1 -1 -1
-1 -1	-1 -1 -1
-1 -1 -1	-1 -1 -1
-1 -1 -1	-1 -1 -1
-1 -1 -1	-1 -1 -1 68
-1 -1 -1	-1 -1 -1 68
-1 -1 -1 68	-1 -1 -1 -1
-1 -1 -1 68	-1 -1 -1 -1
-1 -1 -1	-1 -1 -1
-1 -1 -1	-1 -1
-1 -1 -1	-1 -1
-1 -1	-1 -1 -1
-1 -1	-1 -1 -1
-1 -1 -1	-1 -1 -1
-1 -1 -1	-1 -1 -1
-1 -1 -1	-1 -1
-1 -1 -1	-1 -1
-1 -1	-1 -1
-1 -1	-1 -1
-1 -1	-1 -1 -1
-1 -1	-1 -1 -1
-1 -1 -1	-1 -1 -1
-1 -1 -1	-1 -1 -1
-1 -1 -1	-1 -1 -1 68
-1 -1 -1	-1 -1 -1 68
-1 -1 -1 68	-1 -1 -1 -1
-1 -1 -1 68	-1 -1 -1 -1
-1 -1 -1	-1 -1
-1 -1	-1 -1 -1
-1 -1	-1 -1 -1
-1 -1 -1	-1 -1 -1
-1 -1 -1	-1 -1 -1
-1 -1 -1	-1 -1
-1 -1 -1	-1 -1
-1 -1	-1 -1
-1 -1	-1 -1
-1 -1	-1 -1 -1
-1 -1	-1 -1 -1
-1 -1 -1	-1 -1 -1
-1 -1 -1	-1 -1 -1
-1 -1 -1	-1 -1 -1 68
-1 -1 -1	-1 -1 -1 68
-1 -1 -1 68	-1 -1 -1 -1
-1 -1 -1 68	-1 -1 -1 -1
-1 -1	-1 -1 -1
-1 -1 -1	-1 -1 -1
-1 -1 -1	-1 -1 -1
-1 -1 -1	-1 -1
-1 -1 -1	-1 -1
-1 -1	-1 -1
-1 -1	-1 -1
-1 -1	-1 -1 -1
-1 -1	-1 -1 -1
-1 -1 -1	-1 -1 -1
-1 -1 -1	-1 -1 -1
-1 -1 -1	-1 -1 -1 68
-1 -1 -1	-1 -1 -1 68
-1 -1 -1 68	-1 -1 -1 -1
-1 -1 -1 68	-1 -1 -1 -1
-1 -1 -1	-1 -1 -1
-1 -1 -1	-1 -1
-1 -1 -1	-1 -1
-1 -1	-1 -1
-1 -1	-1 -1
-1 -1	-1 -1 -1
-1 -1	-1 -1 -1
-1 -1 -1	-1 -1 -1
-1 -1 -1	-1 -1 -1
-1 -1 -1	-1 -1 -1 68
-1 -1 -1	-1 -1 -1 68
-1 -1 -1 68	-1 -1 -1 -1
-1 -1 -1 68	-1 -1 -1 -1
-1 -1 -1	-1 -1
-1 -1	-1 -1
-1 -1	-1 -1
-1 -1	-1 -1 -1
-1 -1	-1 -1 -1
-1 -1 -1	-1 -1 -1
-1 -1 -1	-1 -1 -1
-1 -1 -1	-1 -1 -1 68
-1 -1 -1	-1 -1 -1 68
-1 -1 -1 68	-1 -1 -1 -1
-1 -1 -1 68	-1 -1 -1 -1
-1 -1	-1 -1
-1 -1	-1 -1 -1
-1 -1	-1 -1 -1
-1 -1 -1	-1 -1 -1
-1 -1 -1	-1 -1 -1
-1 -1 -1	-1 -1 -1 68
-1 -1 -1	-1 -1 -1 68
-1 -1 -1 68	-1 -1 -1 -1
-1 -1 -1 68	-1 -1 -1 -1
-1 -1	-1 -1 -1
-1 -1 -1	-1 -1 -1
-1 -1 -1	-1 -1 -1
-1 -1 -1	-1 -1 -1 68
-1 -1 -1	-1 -1 -1 68
-1 -1 -1 68	-1 -1 -1 -1
-1 -1 -1 68	-1 -1 -1 -1
-1 -1 -1	-1 -1 -1
-1 -1 -1	-1 -1 -1 68
-1 -1 -1	-1 -1 -1 68
-1 -1 -1 68	-1 -1 -1 -1
-1 -1 -1 68	-1 -1 -1 -1
-1 -1 -1	-1 -1 -1 68
-1 -1 -1 68	-1 -1 -1 -1
-1 -1 -1 68	-1 -1 -1 -1
-1 -1 -1 68	-1 -1 -1 -1
-1 -1 -1 -1	-1 -1 -1 -1
-1 -1 -1 -1	-1 -1 -1
-1 -1 -1 -1	-1 -1 -1
-1 -1 -1	-1 37
-1 -1 -1	-1 37
-1 37	-1
-1 37	-1
-1 -1 -1 -1	-1 -1 -1
-1 -1 -1	-1 37
-1 -1 -1	-1 37
-1 37	-1
-1 37	-1
-1 -1 -1	-1 37
-1 37	-1
-1 37	-1
-1 37	-1
-1 -1 -1 -1 -1	-1 -1 -1
-1 -1 -1	-1 37
-1 -1 -1	-1 37
-1 37	-1 -1
-1 37	-1 -1
-1 -1 -1	-1 37
-1 37	-1
-1 37	-1
-1 37	-1 -1
-1 -1 -1 -1	-1 -1 -1 -1
-1 -1 -1 -1	-1 -1 -1
-1 -1 -1 -1	-1 -1 -1
-1 -1 -1	-1 -1 -1
-1 -1 -1	-1 -1 -1
-1 -1 -1	-1 -1 -1
-1 -1 -1	-1 -1 -1
-1 -1 -1	-1 -1 -1
-1 -1 -1	-1 -1 -1
-1 -1 -1	-1 -1 -1
-1 -1 -1	-1 -1 -1
-1 -1 -1	-1 -1 -1
-1 -1 -1	-1 -1 -1
-1 -1 -1	-1 51
-1 -1 -1	-1 51
-1 51	-1
-1 51	-1
-1 -1 -1 -1	-1 -1 -1
-1 -1 -1	-1 -1 -1
-1 -1 -1	-1 -1 -1
-1 -1 -1	-1 -1 -1
-1 -1 -1	-1 -1 -1
-1 -1 -1	-1 -1 -1
-1 -1 -1	-1 -1 -1
-1 -1 -1	-1 -1 -1
-1 -1 -1	-1 -1 -1
-1 -1 -1	-1 -1 -1
-1 -1 -1	-1 -1 -1
-1 -1 -1	-1 51
-1 -1 -1	-1 51
-1 51	-1 -1 -1 -1 -1
-1 51	-1 -1 -1 -1 -1
-1 -1 -1 -1 -1	-1 -1 -1
-1 -1 -1 -1 -1	-1 -1 -1
-1 -1 -1	-1 51
-1 -1 -1	-1 51
-1 51	-1 -1
-1 51	-1 -1
-1 -1 -1	-1 -1 -1
-1 -1 -1	-1 -1 -1
-1 -1 -1	-1 -1 -1
-1 -1 -1	-1 -1 -1
-1 -1 -1	-1 -1 -1
-1 -1 -1	-1 -1 -1
-1 -1 -1	-1 -1 -1
-1 -1 -1	-1 -1 -1
-1 -1 -1	-1 -1 -1
-1 -1 -1	-1 51
-1 -1 -1	-1 51
-1 51	-1
-1 51	-1
-1 -1 -1	-1 -1 -1
-1 -1 -1	-1 -1 -1
-1 -1 -1	-1 -1 -1
-1 -1 -1	-1 -1 -1
-1 -1 -1	-1 -1 -1
-1 -1 -1	-1 -1 -1
-1 -1 -1	-1 -1 -1
-1 -1 -1	-1 51
-1 -1 -1	-1 51
-1 51	-1
-1 51	-1
-1 -1 -1	-1 -1 -1
-1 -1 -1	-1 -1 -1
-1 -1 -1	-1 -1 -1
-1 -1 -1	-1 -1 -1
-1 -1 -1	-1 -1 -1
-1 -1 -1	-1 51
-1 -1 -1	-1 51
-1 51	-1 -1 -1 -1 -1
-1 51	-1 -1 -1 -1 -1
-1 -1 -1 -1 -1	-1 -1 -1
-1 -1 -1 -1 -1	-1 -1 -1
-1 -1 -1	-1 51
-1 -1 -1	-1 51
-1 51	-1
-1 51	-1
-1 -1 -1	-1 -1 -1
-1 -1 -1	-1 -1 -1
-1 -1 -1	-1 -1 -1
-1 -1 -1	-1 51
-1 -1 -1	-1 51
-1 51	-1
-1 51	-1
-1 -1 -1	-1 -1 -1
-1 -1 -1	-1 51
-1 -1 -1	-1 51
-1 51	-1
-1 51	-1
-1 -1 -1	-1 51
-1 51	-1 -1 -1 -1 -1
-1 51	-1 -1 -1 -1 -1
-1 -1 -1 -1 -1	-1 -1 -1
-1 -1 -1 -1 -1	-1 -1 -1
-1 -1 -1	-1 51
-1 -1 -1	-1 51
-1 51	-1
-1 51	-1
-1 51	-1 -1 -1 -1 -1
-1 -1 -1 -1 -1	-1 -1 -1
-1 -1 -1 -1 -1	-1 -1 -1
-1 -1 -1	-1 51
-1 -1 -1	-1 51
-1 51	-1
-1 51	-1
-1 -1 -1 -1 -1	-1 -1 -1
-1 -1 -1	-1 51
-1 -1 -1	-1 51
-1 51	-1
-1 51	-1
-1 -1 -1	-1 51
-1 51	-1 -1
-1 51	-1 -1
-1 51	-1 -1
-1	-1 -1 -1 -1 -1
-1 -1 -1 -1 -1	-1 65
-1 -1 -1 -1 -1	-1 65
-1 65	-1
-1 65	-1
-1 -1 -1 -1 -1	-1 65
-1 65	-1
-1 65	-1
-1 65	-1 -1
-1 -1	-1 -1 -1 -1 -1
-1 -1	-1 -1 -1 -1 -1
-1 -1 -1 -1 -1	-1 -1 -1
-1 -1 -1 -1 -1	-1 -1 -1
-1 -1 -1	-1 61
-1 -1 -1	-1 61
-1 61	-1 -1 -1 -1 -1
-1 61	-1 -1 -1 -1 -1
-1 -1 -1 -1 -1	-1 13
-1 -1 -1 -1 -1	-1 13
-1 13	-1 29
-1 13	-1 29
-1 29	-1 -1 -1 -1 -1
-1 29	-1 -1 -1 -1 -1
-1 -1 -1 -1 -1	-1 -1
-1 -1 -1 -1 -1	-1 -1
-1 -1	-1
-1 -1	-1
-1 -1	-1 -1 -1 -1 -1
-1 -1 -1 -1 -1	-1 -1 -1
-1 -1 -1 -1 -1	-1 -1 -1
-1 -1 -1	-1 61
-1 -1 -1	-1 61
-1 61	-1 -1 -1 -1 -1
-1 61	-1 -1 -1 -1 -1
-1 -1 -1 -1 -1	-1 13
-1 -1 -1 -1 -1	-1 13
-1 13	-1 29
-1 13	-1 29
-1 29	-1 -1 -1 -1 -1
-1 29	-1 -1 -1 -1 -1
-1 -1 -1 -1 -1	-1 -1
-1 -1 -1 -1 -1	-1 -1
-1 -1	-1
-1 -1	-1
-1 -1 -1 -1 -1	-1 -1 -1
-1 -1 -1	-1 61
-1 -1 -1	-1 61
-1 61	-1 29
-1 61	-1 29
-1 29	-1 -1 -1 -1 -1
-1 29	-1 -1 -1 -1 -1
-1 -1 -1 -1 -1	-1 -1
-1 -1 -1 -1 -1	-1 -1
-1 -1	-1
-1 -1	-1
-1 -1 -1	-1 61
-1 61	-1 -1 -1 -1 -1
-1 61	-1 -1 -1 -1 -1
-1 -1 -1 -1 -1	-1 13
-1 -1 -1 -1 -1	-1 13
-1 13	-1 29
-1 13	-1 29
-1 29	-1 -1 -1 -1 -1
-1 29	-1 -1 -1 -1 -1
-1 -1 -1 -1 -1	-1 -1
-1 -1 -1 -1 -1	-1 -1
-1 -1	-1
-1 -1	-1
-1 61	-1 -1 -1 -1 -1
-1 -1 -1 -1 -1	-1 13
-1 -1 -1 -1 -1	-1 13
-1 13	-1 29
-1 13	-1 29
-1 29	-1 -1 -1 -1 -1
-1 29	-1 -1 -1 -1 -1
-1 -1 -1 -1 -1	-1 -1
-1 -1 -1 -1 -1	-1 -1
-1 -1	-1
-1 -1	-1
-1 29	-1 -1 -1 -1 -1
-1 -1 -1 -1 -1	-1 -1
-1 -1 -1 -1 -1	-1 -1
-1 -1	-1
-1 -1	-1
-1 -1 -1 -1 -1	-1 13
-1 13	-1 29
-1 13	-1 29
-1 29	-1 -1 -1 -1 -1
-1 29	-1 -1 -1 -1 -1
-1 -1 -1 -1 -1	-1 -1
-1 -1 -1 -1 -1	-1 -1
-1 -1	-1
-1 -1	-1
-1 -1 -1 -1 -1	-1 -1
-1 -1	-1
-1 -1	-1
-1 -1	-1
-1 13	-1 29
-1 29	-1 -1 -1 -1 -1
-1 29	-1 -1 -1 -1 -1
-1 -1 -1 -1 -1	-1 -1
-1 -1 -1 -1 -1	-1 -1
-1 -1	-1
-1 -1	-1
-1	-1 -1
-1 -1	-1 -1 -1
-1 -1	-1 -1 -1
-1 -1 -1	-1 -1 -1 -1
-1 -1 -1	-1 -1 -1 -1
-1 -1 -1 -1	-1 -1 -1
-1 -1 -1 -1	-1 -1 -1
-1 -1 -1	-1 15
-1 -1 -1	-1 15
-1 15	-1 -1 -1
-1 15	-1 -1 -1
-1 -1 -1	-1 -1
-1 -1 -1	-1 -1
-1 -1	-1
-1 -1	-1
-1 -1	-1 -1 -1
-1 -1 -1	-1 -1 -1 -1
-1 -1 -1	-1 -1 -1 -1
-1 -1 -1 -1	-1 -1 -1
-1 -1 -1 -1	-1 -1 -1
-1 -1 -1	-1 15
-1 -1 -1	-1 15
-1 15	-1 -1 -1
-1 15	-1 -1 -1
-1 -1 -1	-1 -1
-1 -1 -1	-1 -1
-1 -1	-1
-1 -1	-1
-1 -1 -1	-1 -1 -1 -1
-1 -1 -1 -1	-1 -1 -1
-1 -1 -1 -1	-1 -1 -1
-1 -1 -1	-1 15
-1 -1 -1	-1 15
-1 15	-1 -1 -1
-1 15	-1 -1 -1
-1 -1 -1	-1 -1
-1 -1 -1	-1 -1
-1 -1	-1
-1 -1	-1
-1 -1 -1 -1	-1 -1 -1
-1 -1 -1	-1 15
-1 -1 -1	-1 15
-1 15	-1 -1 -1
-1 15	-1 -1 -1
-1 -1 -1	-1 -1
-1 -1 -1	-1 -1
-1 -1	-1
-1 -1	-1
-1 -1 -1	-1 15
-1 15	-1 -1 -1
-1 15	-1 -1 -1
-1 -1 -1	-1 -1
-1 -1 -1	-1 -1
-1 -1	-1
-1 -1	-1
-1 15	-1 -1 -1
-1 -1 -1	-1 -1
-1 -1 -1	-1 -1
-1 -1	-1
-1 -1	-1
-1 -1 -1	-1 -1
-1 -1	-1
-1 -1	-1
-1 -1	-1
-1	-1 -1 -1
-1 -1 -1	-1 -1 -1
-1 -1 -1	-1 -1 -1
-1 -1 -1	-1
-1 -1 -1	-1
-1 -1 -1	-1 -1 -1
-1 -1 -1	-1
-1 -1 -1	-1
-1 -1 -1	-1
