0	0 0 0
0 0 0	0 0 0 0 0x403fe8
0 0 0 0 0x403fe8	0 0 0
0 0 0	0 0x401016
0 0x401016	0 0
0 0	0 0 0
0 0 0	0
0 0 0	0 0 0 0 0x403fe8
0 0 0 0 0x403fe8	0 0 0
0 0 0	0 0x401016
0 0x401016	0 0 0
0 0 0	0
0 0 0 0 0x403fe8	0 0 0
0 0 0	0 0x401016
0 0x401016	0 0
0 0	0 0 0
0 0 0	0
0 0 0	0 0x401016
0 0x401016	0 0 0
0 0 0	0
0 0x401016	0 0
0 0	0 0 0
0 0 0	0
0 0 0	0
0 0	0 0 0
0 0 0	0
0	0 0
0 0	0 0x401020
0 0	0 0x401020
0	0 0 0
0 0 0	0 0 0
0 0 0	0 0
0 0	0 0 0
0 0 0	0 0 0xfffffffffffffff0
0 0 0xfffffffffffffff0	0 0
0 0	0 0
0 0	0 0 0
0 0 0	0 0 0
0 0 0	0 0 0 0x401149
0 0 0 0x401149	0 0 0 0x403fd8
0 0 0	0 0 0
0 0 0	0 0
0 0	0 0 0
0 0 0	0 0 0xfffffffffffffff0
0 0 0xfffffffffffffff0	0 0
0 0	0 0
0 0	0 0 0
0 0 0	0 0 0
0 0 0	0 0 0 0x401149
0 0 0 0x401149	0 0 0 0x403fd8
0 0 0	0 0
0 0	0 0 0
0 0 0	0 0 0xfffffffffffffff0
0 0 0xfffffffffffffff0	0 0
0 0	0 0
0 0	0 0 0
0 0 0	0 0 0
0 0 0	0 0 0 0x401149
0 0 0 0x401149	0 0 0 0x403fd8
0 0	0 0 0
0 0 0	0 0 0xfffffffffffffff0
0 0 0xfffffffffffffff0	0 0
0 0	0 0
0 0	0 0 0
0 0 0	0 0 0
0 0 0	0 0 0 0x401149
0 0 0 0x401149	0 0 0 0x403fd8
0 0 0	0 0 0xfffffffffffffff0
0 0 0xfffffffffffffff0	0 0
0 0	0 0
0 0	0 0 0
0 0 0	0 0 0
0 0 0	0 0 0 0x401149
0 0 0 0x401149	0 0 0 0x403fd8
0 0 0xfffffffffffffff0	0 0
0 0	0 0
0 0	0 0 0
0 0 0	0 0 0
0 0 0	0 0 0 0x401149
0 0 0 0x401149	0 0 0 0x403fd8
0 0	0 0
0 0	0 0 0
0 0 0	0 0 0
0 0 0	0 0 0 0x401149
0 0 0 0x401149	0 0 0 0x403fd8
0 0	0 0 0
0 0 0	0 0 0
0 0 0	0 0 0 0x401149
0 0 0 0x401149	0 0 0 0x403fd8
0 0 0	0 0 0
0 0 0	0 0 0 0x401149
0 0 0 0x401149	0 0 0 0x403fd8
0 0 0	0 0 0 0x401149
0 0 0 0x401149	0 0 0 0x403fd8
0 0 0 0x401149	0 0 0 0x403fd8
0 0 0 0x404010	0 0 0 0x404010
0 0 0 0x404010	0 0 0
0 0 0	0 0x4010b8
0 0x4010b8	0
0 0 0 0x404010	0 0 0
0 0 0	0 0x4010b8
0 0x4010b8	0
0 0 0	0 0x4010b8
0 0x4010b8	0
0 0x4010b8	0
0 0 0 0 0x403fe0	0 0 0
0 0 0	0 0x4010b8
0 0x4010b8	0 0
0 0 0	0 0x4010b8
0 0x4010b8	0 0
0 0x4010b8	0
0 0 0 0x404010	0 0 0 0x404010
0 0 0 0x404010	0 0 0
0 0 0	0 0 0
0 0 0	0 0 0
0 0 0	0 0 0
0 0 0	0 0 0
0 0 0	0 0 0
0 0 0	0 0x4010f8
0 0x4010f8	0
0 0 0 0x404010	0 0 0
0 0 0	0 0 0
0 0 0	0 0 0
0 0 0	0 0 0
0 0 0	0 0 0
0 0 0	0 0 0
0 0 0	0 0x4010f8
0 0x4010f8	0 0 0 0 0x403ff0
0 0 0 0 0x403ff0	0 0 0
0 0 0	0 0x4010f8
0 0x4010f8	0
0 0 0	0 0 0
0 0 0	0 0 0
0 0 0	0 0 0
0 0 0	0 0 0
0 0 0	0 0 0
0 0 0	0 0x4010f8
0 0x4010f8	0 0 0 0 0x403ff0
0 0 0 0 0x403ff0	0 0 0
0 0 0	0 0x4010f8
0 0x4010f8	0
0 0 0	0 0 0
0 0 0	0 0 0
0 0 0	0 0 0
0 0 0	0 0 0
0 0 0	0 0x4010f8
0 0x4010f8	0
0 0 0	0 0 0
0 0 0	0 0 0
0 0 0	0 0 0
0 0 0	0 0x4010f8
0 0x4010f8	0 0 0 0 0x403ff0
0 0 0 0 0x403ff0	0 0 0
0 0 0	0 0x4010f8
0 0x4010f8	0 0
0 0 0	0 0 0
0 0 0	0 0 0
0 0 0	0 0x4010f8
0 0x4010f8	0 0 0 0 0x403ff0
0 0 0 0 0x403ff0	0 0 0
0 0 0	0 0x4010f8
0 0x4010f8	0
0 0 0	0 0 0
0 0 0	0 0x4010f8
0 0x4010f8	0
0 0 0	0 0x4010f8
0 0x4010f8	0 0 0 0 0x403ff0
0 0 0 0 0x403ff0	0 0 0
0 0 0	0 0x4010f8
0 0x4010f8	0
0 0x4010f8	0 0 0 0 0x403ff0
0 0 0 0 0x403ff0	0 0 0
0 0 0	0 0x4010f8
0 0x4010f8	0
0 0 0 0 0x403ff0	0 0 0
0 0 0	0 0x4010f8
0 0x4010f8	0 0
0 0 0	0 0x4010f8
0 0x4010f8	0
0 0x4010f8	0
0	0 0 0 0x404010 0
0 0 0 0x404010 0	0 0x401138
0 0x401138	0 0
0 0	0 0 0 0x403ff8 0
0 0 0 0x403ff8 0	0 0 0
0 0 0	0 0x401127
0 0x401127	0 0x401090
0 0x401090	0 0 0 0x404010 0
0 0 0 0x404010 0	0 0
0 0	0
0 0 0 0x404010 0	0 0x401138
0 0x401138	0
0 0x401138	0 0
0 0	0 0 0 0x403ff8 0
0 0 0 0x403ff8 0	0 0 0
0 0 0	0 0x401127
0 0x401127	0 0 0 0 0x404008
0 0 0 0 0x404008	0 0x401040
0 0x401040	0 0x401090
0 0x401090	0 0 0 0x404010 0
0 0 0 0x404010 0	0 0
0 0	0
0 0	0 0 0 0x403ff8 0
0 0 0 0x403ff8 0	0 0 0
0 0 0	0 0x401127
0 0x401127	0 0x401090
0 0x401090	0 0 0 0x404010 0
0 0 0 0x404010 0	0 0
0 0	0
0 0 0 0x403ff8 0	0 0 0
0 0 0	0 0x401127
0 0x401127	0 0x401090
0 0x401090	0 0 0 0x404010 0
0 0 0 0x404010 0	0 0
0 0	0
0 0 0	0 0x401127
0 0x401127	0 0x401090
0 0x401090	0 0 0 0x404010 0
0 0 0 0x404010 0	0 0
0 0	0
0 0x401127	0 0x401090
0 0x401090	0 0 0 0x404010 0
0 0 0 0x404010 0	0 0
0 0	0
0 0x401090	0 0 0 0x404010 0
0 0 0 0x404010 0	0 0
0 0	0
0 0 0 0 0x404008	0 0x401040
0 0x401040	0 0x401090
0 0x401090	0 0 0 0x404010 0
0 0 0 0x404010 0	0 0
0 0	0
0 0 0 0x404010 0	0 0
0 0	0
0 0	0
0 0x401040	0 0x401090
0 0x401090	0 0 0 0x404010 0
0 0 0 0x404010 0	0 0
0 0	0
0	0 0
0 0	0 0 0
0 0 0	0 0 0 0x402004
0 0 0 0x402004	0 0 0
0 0 0	0 0x401050
0 0x401050	0 0 0
0 0 0	0 0
0 0	0
0 0	0 0 0
0 0 0	0 0 0 0x402004
0 0 0 0x402004	0 0 0
0 0 0	0 0x401050
0 0x401050	0 0 0
0 0 0	0 0
0 0	0
0 0 0	0 0 0 0x402004
0 0 0 0x402004	0 0 0
0 0 0	0 0x401050
0 0x401050	0 0 0
0 0 0	0 0
0 0	0
0 0 0 0x402004	0 0 0
0 0 0	0 0x401050
0 0x401050	0 0 0
0 0 0	0 0
0 0	0
0 0 0	0 0x401050
0 0x401050	0 0 0
0 0 0	0 0
0 0	0
0 0x401050	0 0 0
0 0 0	0 0
0 0	0
0 0 0	0 0
0 0	0
0 0	0
0	0 0 0
0 0 0	0 0 0
0 0 0	0
0 0 0	0 0 0
0 0 0	0
0 0 0	0
