-1	-1 -1 -1
-1 -1 -1	-1 -1 -1 -1 -2
-1 -1 -1 -1 -2	-1 -1 -1
-1 -1 -1	-1 [5,6,10,11,15,16,18,19,21,22,23,24,25]
-1 [5,6,10,11,15,16,18,19,21,22,23,24,25]	-1 -1
-1 -1	-1 -1 -1
-1 -1 -1	-1
-1 -1 -1	-1 -1 -1 -1 -2
-1 -1 -1 -1 -2	-1 -1 -1
-1 -1 -1	-1 [5,6,10,11,15,16,18,19,21,22,23,24,25]
-1 [5,6,10,11,15,16,18,19,21,22,23,24,25]	-1 -1 -1
-1 -1 -1	-1
-1 -1 -1 -1 -2	-1 -1 -1
-1 -1 -1	-1 [5,6,10,11,15,16,18,19,21,22,23,24,25]
-1 [5,6,10,11,15,16,18,19,21,22,23,24,25]	-1 -1
-1 -1	-1 -1 -1
-1 -1 -1	-1
-1 -1 -1	-1 [5,6,10,11,15,16,18,19,21,22,23,24,25]
-1 [5,6,10,11,15,16,18,19,21,22,23,24,25]	-1 -1 -1
-1 -1 -1	-1
-1 [5,6,10,11,15,16,18,19,21,22,23,24,25]	-1 -1
-1 -1	-1 -1 -1
-1 -1 -1	-1
-1 -1 -1	-1
-1 -1	-1 -1 -1
-1 -1 -1	-1
-1	-1 -1
-1 -1	-1 -2
-1 -1	-1 -2
-1	-1 -1 -1
-1 -1 -1	-1 -1 -1
-1 -1 -1	-1 -1
-1 -1	-1 -1 -1
-1 -1 -1	-1 -1 -2
-1 -1 -2	-1 -1
-1 -1	-1 -1
-1 -1	-1 -1 -1
-1 -1 -1	-1 -1 -1
-1 -1 -1	-1 -1 -1 [239]
-1 -1 -1 [239]	-1 -1 -1 -2
-1 -1 -1	-1 -1 -1
-1 -1 -1	-1 -1
-1 -1	-1 -1 -1
-1 -1 -1	-1 -1 -2
-1 -1 -2	-1 -1
-1 -1	-1 -1
-1 -1	-1 -1 -1
-1 -1 -1	-1 -1 -1
-1 -1 -1	-1 -1 -1 [239]
-1 -1 -1 [239]	-1 -1 -1 -2
-1 -1 -1	-1 -1
-1 -1	-1 -1 -1
-1 -1 -1	-1 -1 -2
-1 -1 -2	-1 -1
-1 -1	-1 -1
-1 -1	-1 -1 -1
-1 -1 -1	-1 -1 -1
-1 -1 -1	-1 -1 -1 [239]
-1 -1 -1 [239]	-1 -1 -1 -2
-1 -1	-1 -1 -1
-1 -1 -1	-1 -1 -2
-1 -1 -2	-1 -1
-1 -1	-1 -1
-1 -1	-1 -1 -1
-1 -1 -1	-1 -1 -1
-1 -1 -1	-1 -1 -1 [239]
-1 -1 -1 [239]	-1 -1 -1 -2
-1 -1 -1	-1 -1 -2
-1 -1 -2	-1 -1
-1 -1	-1 -1
-1 -1	-1 -1 -1
-1 -1 -1	-1 -1 -1
-1 -1 -1	-1 -1 -1 [239]
-1 -1 -1 [239]	-1 -1 -1 -2
-1 -1 -2	-1 -1
-1 -1	-1 -1
-1 -1	-1 -1 -1
-1 -1 -1	-1 -1 -1
-1 -1 -1	-1 -1 -1 [239]
-1 -1 -1 [239]	-1 -1 -1 -2
-1 -1	-1 -1
-1 -1	-1 -1 -1
-1 -1 -1	-1 -1 -1
-1 -1 -1	-1 -1 -1 [239]
-1 -1 -1 [239]	-1 -1 -1 -2
-1 -1	-1 -1 -1
-1 -1 -1	-1 -1 -1
-1 -1 -1	-1 -1 -1 [239]
-1 -1 -1 [239]	-1 -1 -1 -2
-1 -1 -1	-1 -1 -1
-1 -1 -1	-1 -1 -1 [239]
-1 -1 -1 [239]	-1 -1 -1 -2
-1 -1 -1	-1 -1 -1 [239]
-1 -1 -1 [239]	-1 -1 -1 -2
-1 -1 -1 [239]	-1 -1 -1 -2
-1 -1 -1 -2	-1 -1 -1 -2
-1 -1 -1 -2	-1 -1 -1
-1 -1 -1	-1 [98,101,103,104,110]
-1 [98,101,103,104,110]	-1
-1 -1 -1 -2	-1 -1 -1
-1 -1 -1	-1 [98,101,103,104,110]
-1 [98,101,103,104,110]	-1
-1 -1 -1	-1 [98,101,103,104,110]
-1 [98,101,103,104,110]	-1
-1 [98,101,103,104,110]	-1
-1 -1 -1 -1 -2	-1 -1 -1
-1 -1 -1	-1 [98,101,103,104,110]
-1 [98,101,103,104,110]	-1 -1
-1 -1 -1	-1 [98,101,103,104,110]
-1 [98,101,103,104,110]	-1 -1
-1 [98,101,103,104,110]	-1
-1 -1 -1 -2	-1 -1 -1 -2
-1 -1 -1 -2	-1 -1 -1
-1 -1 -1	-1 -1 -1
-1 -1 -1	-1 -1 -1
-1 -1 -1	-1 -1 -1
-1 -1 -1	-1 -1 -1
-1 -1 -1	-1 -1 -1
-1 -1 -1	-1 [119,130,140,146,161,164,169,173,178,179]
-1 [119,130,140,146,161,164,169,173,178,179]	-1
-1 -1 -1 -2	-1 -1 -1
-1 -1 -1	-1 -1 -1
-1 -1 -1	-1 -1 -1
-1 -1 -1	-1 -1 -1
-1 -1 -1	-1 -1 -1
-1 -1 -1	-1 -1 -1
-1 -1 -1	-1 [119,130,140,146,161,164,169,173,178,179]
-1 [119,130,140,146,161,164,169,173,178,179]	-1 -1 -1 -1 -2
-1 -1 -1 -1 -2	-1 -1 -1
-1 -1 -1	-1 [119,130,140,146,161,164,169,173,178,179]
-1 [119,130,140,146,161,164,169,173,178,179]	-1
-1 -1 -1	-1 -1 -1
-1 -1 -1	-1 -1 -1
-1 -1 -1	-1 -1 -1
-1 -1 -1	-1 -1 -1
-1 -1 -1	-1 -1 -1
-1 -1 -1	-1 [119,130,140,146,161,164,169,173,178,179]
-1 [119,130,140,146,161,164,169,173,178,179]	-1 -1 -1 -1 -2
-1 -1 -1 -1 -2	-1 -1 -1
-1 -1 -1	-1 [119,130,140,146,161,164,169,173,178,179]
-1 [119,130,140,146,161,164,169,173,178,179]	-1
-1 -1 -1	-1 -1 -1
-1 -1 -1	-1 -1 -1
-1 -1 -1	-1 -1 -1
-1 -1 -1	-1 -1 -1
-1 -1 -1	-1 [119,130,140,146,161,164,169,173,178,179]
-1 [119,130,140,146,161,164,169,173,178,179]	-1
-1 -1 -1	-1 -1 -1
-1 -1 -1	-1 -1 -1
-1 -1 -1	-1 -1 -1
-1 -1 -1	-1 [119,130,140,146,161,164,169,173,178,179]
-1 [119,130,140,146,161,164,169,173,178,179]	-1 -1 -1 -1 -2
-1 -1 -1 -1 -2	-1 -1 -1
-1 -1 -1	-1 [119,130,140,146,161,164,169,173,178,179]
-1 [119,130,140,146,161,164,169,173,178,179]	-1 -1
-1 -1 -1	-1 -1 -1
-1 -1 -1	-1 -1 -1
-1 -1 -1	-1 [119,130,140,146,161,164,169,173,178,179]
-1 [119,130,140,146,161,164,169,173,178,179]	-1 -1 -1 -1 -2
-1 -1 -1 -1 -2	-1 -1 -1
-1 -1 -1	-1 [119,130,140,146,161,164,169,173,178,179]
-1 [119,130,140,146,161,164,169,173,178,179]	-1
-1 -1 -1	-1 -1 -1
-1 -1 -1	-1 [119,130,140,146,161,164,169,173,178,179]
-1 [119,130,140,146,161,164,169,173,178,179]	-1
-1 -1 -1	-1 [119,130,140,146,161,164,169,173,178,179]
-1 [119,130,140,146,161,164,169,173,178,179]	-1 -1 -1 -1 -2
-1 -1 -1 -1 -2	-1 -1 -1
-1 -1 -1	-1 [119,130,140,146,161,164,169,173,178,179]
-1 [119,130,140,146,161,164,169,173,178,179]	-1
-1 [119,130,140,146,161,164,169,173,178,179]	-1 -1 -1 -1 -2
-1 -1 -1 -1 -2	-1 -1 -1
-1 -1 -1	-1 [119,130,140,146,161,164,169,173,178,179]
-1 [119,130,140,146,161,164,169,173,178,179]	-1
-1 -1 -1 -1 -2	-1 -1 -1
-1 -1 -1	-1 [119,130,140,146,161,164,169,173,178,179]
-1 [119,130,140,146,161,164,169,173,178,179]	-1 -1
-1 -1 -1	-1 [119,130,140,146,161,164,169,173,178,179]
-1 [119,130,140,146,161,164,169,173,178,179]	-1
-1 [119,130,140,146,161,164,169,173,178,179]	-1
-1	-1 -1 -1 -2 -1
-1 -1 -1 -2 -1	-1 [191]
-1 [191]	-1 -1
-1 -1	-1 -1 -1 -2 -1
-1 -1 -1 -2 -1	-1 -1 -1
-1 -1 -1	-1 [186,187,198,199,205,206,211,212,216,217,220,221,224,228,229,235,236]
-1 [186,187,198,199,205,206,211,212,216,217,220,221,224,228,229,235,236]	-1 [95]
-1 [95]	-1 -1 -1 -2 -1
-1 -1 -1 -2 -1	-1 -1
-1 -1	-1
-1 -1 -1 -2 -1	-1 [191]
-1 [191]	-1
-1 [191]	-1 -1
-1 -1	-1 -1 -1 -2 -1
-1 -1 -1 -2 -1	-1 -1 -1
-1 -1 -1	-1 [186,187,198,199,205,206,211,212,216,217,220,221,224,228,229,235,236]
-1 [186,187,198,199,205,206,211,212,216,217,220,221,224,228,229,235,236]	-1 -1 -1 -1 -2
-1 -1 -1 -1 -2	-1 -2
-1 -2	-1 [95]
-1 [95]	-1 -1 -1 -2 -1
-1 -1 -1 -2 -1	-1 -1
-1 -1	-1
-1 -1	-1 -1 -1 -2 -1
-1 -1 -1 -2 -1	-1 -1 -1
-1 -1 -1	-1 [186,187,198,199,205,206,211,212,216,217,220,221,224,228,229,235,236]
-1 [186,187,198,199,205,206,211,212,216,217,220,221,224,228,229,235,236]	-1 [95]
-1 [95]	-1 -1 -1 -2 -1
-1 -1 -1 -2 -1	-1 -1
-1 -1	-1
-1 -1 -1 -2 -1	-1 -1 -1
-1 -1 -1	-1 [186,187,198,199,205,206,211,212,216,217,220,221,224,228,229,235,236]
-1 [186,187,198,199,205,206,211,212,216,217,220,221,224,228,229,235,236]	-1 [95]
-1 [95]	-1 -1 -1 -2 -1
-1 -1 -1 -2 -1	-1 -1
-1 -1	-1
-1 -1 -1	-1 [186,187,198,199,205,206,211,212,216,217,220,221,224,228,229,235,236]
-1 [186,187,198,199,205,206,211,212,216,217,220,221,224,228,229,235,236]	-1 [95]
-1 [95]	-1 -1 -1 -2 -1
-1 -1 -1 -2 -1	-1 -1
-1 -1	-1
-1 [186,187,198,199,205,206,211,212,216,217,220,221,224,228,229,235,236]	-1 [95]
-1 [95]	-1 -1 -1 -2 -1
-1 -1 -1 -2 -1	-1 -1
-1 -1	-1
-1 [95]	-1 -1 -1 -2 -1
-1 -1 -1 -2 -1	-1 -1
-1 -1	-1
-1 -1 -1 -1 -2	-1 -2
-1 -2	-1 [95]
-1 [95]	-1 -1 -1 -2 -1
-1 -1 -1 -2 -1	-1 -1
-1 -1	-1
-1 -1 -1 -2 -1	-1 -1
-1 -1	-1
-1 -1	-1
-1 -2	-1 [95]
-1 [95]	-1 -1 -1 -2 -1
-1 -1 -1 -2 -1	-1 -1
-1 -1	-1
-1	-1 -1
-1 -1	-1 -1 -1
-1 -1 -1	-1 -1 -1 -2
-1 -1 -1 -2	-1 -1 -1
-1 -1 -1	-1 -2
-1 -2	-1 -1 -1
-1 -1 -1	-1 -1
-1 -1	-1
-1 -1	-1 -1 -1
-1 -1 -1	-1 -1 -1 -2
-1 -1 -1 -2	-1 -1 -1
-1 -1 -1	-1 -2
-1 -2	-1 -1 -1
-1 -1 -1	-1 -1
-1 -1	-1
-1 -1 -1	-1 -1 -1 -2
-1 -1 -1 -2	-1 -1 -1
-1 -1 -1	-1 -2
-1 -2	-1 -1 -1
-1 -1 -1	-1 -1
-1 -1	-1
-1 -1 -1 -2	-1 -1 -1
-1 -1 -1	-1 -2
-1 -2	-1 -1 -1
-1 -1 -1	-1 -1
-1 -1	-1
-1 -1 -1	-1 -2
-1 -2	-1 -1 -1
-1 -1 -1	-1 -1
-1 -1	-1
-1 -2	-1 -1 -1
-1 -1 -1	-1 -1
-1 -1	-1
-1 -1 -1	-1 -1
-1 -1	-1
-1 -1	-1
-1	-1 -1 -1
-1 -1 -1	-1 -1 -1
-1 -1 -1	-1
-1 -1 -1	-1 -1 -1
-1 -1 -1	-1
-1 -1 -1	-1
